Col0,"Source of Energy
L1
L2
L3
Combined
& N Condu
Additional sourc
may be provided
Source Earth
Consumer installation",e,S,"Source of Energy
L1
L2
L3
Combine
& N Cond
ource Earth
Consumer installation",d
TN-C Earthing configuration,,TN-C-S Earthing configuration,,,
